file	obj	time	gap	valid
output/CMSA1/ga-b-1800-500/500_10_10_1000_0.343000_0.237000_1_ga.out	68795.1570	2034	0	1
output/CMSA1/ga-b-1800-500/500_10_10_100_0.343000_0.237000_1_ga.out	60104.6260	1899	0	1
output/CMSA1/ga-b-1800-500/500_10_10_200_0.343000_0.237000_1_ga.out	65585.6940	1959	0	1
output/CMSA1/ga-b-1800-500/500_10_10_300_0.343000_0.237000_1_ga.out	61365.5070	1947	0	1
output/CMSA1/ga-b-1800-500/500_10_10_400_0.343000_0.237000_1_ga.out	63536.8750	1911	0	1
output/CMSA1/ga-b-1800-500/500_10_10_500_0.343000_0.237000_1_ga.out	61891.1140	1945	0	1
output/CMSA1/ga-b-1800-500/500_10_10_600_0.343000_0.237000_1_ga.out	66565.4030	2175	0	1
output/CMSA1/ga-b-1800-500/500_10_10_700_0.343000_0.237000_1_ga.out	61985.2170	1926	0	1
output/CMSA1/ga-b-1800-500/500_10_10_800_0.343000_0.237000_1_ga.out	57734.8130	2248	0	1
output/CMSA1/ga-b-1800-500/500_10_10_900_0.343000_0.237000_1_ga.out	68727.4060	1930	0	1
output/CMSA1/ga-b-1800-500/500_10_20_1000_0.343000_0.237000_1_ga.out	81529.2940	1908	0	1
output/CMSA1/ga-b-1800-500/500_10_20_100_0.343000_0.237000_1_ga.out	78027.1880	2504	0	1
output/CMSA1/ga-b-1800-500/500_10_20_200_0.343000_0.237000_1_ga.out	73416.4980	2167	0	1
output/CMSA1/ga-b-1800-500/500_10_20_300_0.343000_0.237000_1_ga.out	80810.4270	2099	0	1
output/CMSA1/ga-b-1800-500/500_10_20_400_0.343000_0.237000_1_ga.out	79038.9840	1823	0	1
output/CMSA1/ga-b-1800-500/500_10_20_500_0.343000_0.237000_1_ga.out	71243.4160	2812	0	1
output/CMSA1/ga-b-1800-500/500_10_20_600_0.343000_0.237000_1_ga.out	72308.2690	2513	0	1
output/CMSA1/ga-b-1800-500/500_10_20_700_0.343000_0.237000_1_ga.out	72122.4400	3304	0	1
output/CMSA1/ga-b-1800-500/500_10_20_800_0.343000_0.237000_1_ga.out	73214.1980	1964	0	1
output/CMSA1/ga-b-1800-500/500_10_20_900_0.343000_0.237000_1_ga.out	76755.2210	2144	0	1
output/CMSA1/ga-b-1800-500/500_10_5_1000_0.343000_0.237000_1_ga.out	55669.4960	1824	0	1
output/CMSA1/ga-b-1800-500/500_10_5_100_0.343000_0.237000_1_ga.out	55037.1860	1831	0	1
output/CMSA1/ga-b-1800-500/500_10_5_200_0.343000_0.237000_1_ga.out	59574.2930	1828	0	1
output/CMSA1/ga-b-1800-500/500_10_5_300_0.343000_0.237000_1_ga.out	59565.2620	1909	0	1
output/CMSA1/ga-b-1800-500/500_10_5_400_0.343000_0.237000_1_ga.out	55595.4170	1836	0	1
output/CMSA1/ga-b-1800-500/500_10_5_500_0.343000_0.237000_1_ga.out	57885.9030	1818	0	1
output/CMSA1/ga-b-1800-500/500_10_5_600_0.343000_0.237000_1_ga.out	58497.4010	1891	0	1
output/CMSA1/ga-b-1800-500/500_10_5_700_0.343000_0.237000_1_ga.out	53497.9030	1848	0	1
output/CMSA1/ga-b-1800-500/500_10_5_800_0.343000_0.237000_1_ga.out	56862.6470	1853	0	1
output/CMSA1/ga-b-1800-500/500_10_5_900_0.343000_0.237000_1_ga.out	51862.6530	1842	0	1
output/CMSA1/ga-b-1800-500/500_20_10_1000_0.343000_0.237000_1_ga.out	132129.7170	2295	0	1
output/CMSA1/ga-b-1800-500/500_20_10_100_0.343000_0.237000_1_ga.out	139336.8660	2105	0	1
output/CMSA1/ga-b-1800-500/500_20_10_200_0.343000_0.237000_1_ga.out	119324.2640	2228	0	1
output/CMSA1/ga-b-1800-500/500_20_10_300_0.343000_0.237000_1_ga.out	129761.5170	1927	0	1
output/CMSA1/ga-b-1800-500/500_20_10_400_0.343000_0.237000_1_ga.out	139128.2040	1811	0	1
output/CMSA1/ga-b-1800-500/500_20_10_500_0.343000_0.237000_1_ga.out	129943.7360	2741	0	1
output/CMSA1/ga-b-1800-500/500_20_10_600_0.343000_0.237000_1_ga.out	134309.5870	2107	0	1
output/CMSA1/ga-b-1800-500/500_20_10_700_0.343000_0.237000_1_ga.out	133186.1640	2070	0	1
output/CMSA1/ga-b-1800-500/500_20_10_800_0.343000_0.237000_1_ga.out	136089.2370	2128	0	1
output/CMSA1/ga-b-1800-500/500_20_10_900_0.343000_0.237000_1_ga.out	133159.9560	2657	0	1
output/CMSA1/ga-b-1800-500/500_20_20_1000_0.343000_0.237000_1_ga.out	154062.3710	1837	0	1
output/CMSA1/ga-b-1800-500/500_20_20_100_0.343000_0.237000_1_ga.out	157780.9320	2247	0	1
output/CMSA1/ga-b-1800-500/500_20_20_200_0.343000_0.237000_1_ga.out	159143.5030	2235	0	1
output/CMSA1/ga-b-1800-500/500_20_20_300_0.343000_0.237000_1_ga.out	172729.6620	2193	0	1
output/CMSA1/ga-b-1800-500/500_20_20_400_0.343000_0.237000_1_ga.out	158641.4060	4462	0	1
output/CMSA1/ga-b-1800-500/500_20_20_500_0.343000_0.237000_1_ga.out	189518.2660	2105	0	1
output/CMSA1/ga-b-1800-500/500_20_20_600_0.343000_0.237000_1_ga.out	154328.7090	1893	0	1
output/CMSA1/ga-b-1800-500/500_20_20_700_0.343000_0.237000_1_ga.out	175777.7140	1826	0	1
output/CMSA1/ga-b-1800-500/500_20_20_800_0.343000_0.237000_1_ga.out	180165.2270	2230	0	1
output/CMSA1/ga-b-1800-500/500_20_20_900_0.343000_0.237000_1_ga.out	197311.8440	2062	0	1
output/CMSA1/ga-b-1800-500/500_20_5_1000_0.343000_0.237000_1_ga.out	98322.2880	1824	0	1
output/CMSA1/ga-b-1800-500/500_20_5_100_0.343000_0.237000_1_ga.out	111364.8890	1973	0	1
output/CMSA1/ga-b-1800-500/500_20_5_200_0.343000_0.237000_1_ga.out	115078.6390	2012	0	1
output/CMSA1/ga-b-1800-500/500_20_5_300_0.343000_0.237000_1_ga.out	100006.8900	1858	0	1
output/CMSA1/ga-b-1800-500/500_20_5_400_0.343000_0.237000_1_ga.out	101903.8190	1915	0	1
output/CMSA1/ga-b-1800-500/500_20_5_500_0.343000_0.237000_1_ga.out	111475.6570	1828	0	1
output/CMSA1/ga-b-1800-500/500_20_5_600_0.343000_0.237000_1_ga.out	107280.8080	1895	0	1
output/CMSA1/ga-b-1800-500/500_20_5_700_0.343000_0.237000_1_ga.out	107604.6460	1991	0	1
output/CMSA1/ga-b-1800-500/500_20_5_800_0.343000_0.237000_1_ga.out	110817.8830	1816	0	1
output/CMSA1/ga-b-1800-500/500_20_5_900_0.343000_0.237000_1_ga.out	96627.2910	2042	0	1
output/CMSA1/ga-b-1800-500/500_5_10_1000_0.343000_0.237000_1_ga.out	20698.1480	2050	0	1
output/CMSA1/ga-b-1800-500/500_5_10_100_0.343000_0.237000_1_ga.out	22810.4130	1866	0	1
output/CMSA1/ga-b-1800-500/500_5_10_200_0.343000_0.237000_1_ga.out	20134.8670	1936	0	1
output/CMSA1/ga-b-1800-500/500_5_10_300_0.343000_0.237000_1_ga.out	21340.2400	2004	0	1
output/CMSA1/ga-b-1800-500/500_5_10_400_0.343000_0.237000_1_ga.out	21525.5620	1818	0	1
output/CMSA1/ga-b-1800-500/500_5_10_500_0.343000_0.237000_1_ga.out	21381.3770	1816	0	1
output/CMSA1/ga-b-1800-500/500_5_10_600_0.343000_0.237000_1_ga.out	18656.0870	1817	0	1
output/CMSA1/ga-b-1800-500/500_5_10_700_0.343000_0.237000_1_ga.out	21804.3970	1989	0	1
output/CMSA1/ga-b-1800-500/500_5_10_800_0.343000_0.237000_1_ga.out	22929.7380	1958	0	1
output/CMSA1/ga-b-1800-500/500_5_10_900_0.343000_0.237000_1_ga.out	20054.1300	1930	0	1
output/CMSA1/ga-b-1800-500/500_5_20_1000_0.343000_0.237000_1_ga.out	28244.6970	2153	0	1
output/CMSA1/ga-b-1800-500/500_5_20_100_0.343000_0.237000_1_ga.out	29288.3370	2151	0	1
output/CMSA1/ga-b-1800-500/500_5_20_200_0.343000_0.237000_1_ga.out	25372.5440	1805	0	1
output/CMSA1/ga-b-1800-500/500_5_20_300_0.343000_0.237000_1_ga.out	29592.3560	2402	0	1
output/CMSA1/ga-b-1800-500/500_5_20_400_0.343000_0.237000_1_ga.out	28231.3180	2309	0	1
output/CMSA1/ga-b-1800-500/500_5_20_500_0.343000_0.237000_1_ga.out	27513.4870	2475	0	1
output/CMSA1/ga-b-1800-500/500_5_20_600_0.343000_0.237000_1_ga.out	34214.0890	1982	0	1
output/CMSA1/ga-b-1800-500/500_5_20_700_0.343000_0.237000_1_ga.out	27215.4560	2060	0	1
output/CMSA1/ga-b-1800-500/500_5_20_800_0.343000_0.237000_1_ga.out	26413.7930	2156	0	1
output/CMSA1/ga-b-1800-500/500_5_20_900_0.343000_0.237000_1_ga.out	28278.1920	2024	0	1
output/CMSA1/ga-b-1800-500/500_5_5_1000_0.343000_0.237000_1_ga.out	18679.0850	1841	0	1
output/CMSA1/ga-b-1800-500/500_5_5_100_0.343000_0.237000_1_ga.out	15087.4410	1803	0	1
output/CMSA1/ga-b-1800-500/500_5_5_200_0.343000_0.237000_1_ga.out	14534.0540	1843	0	1
output/CMSA1/ga-b-1800-500/500_5_5_300_0.343000_0.237000_1_ga.out	18314.6060	1804	0	1
output/CMSA1/ga-b-1800-500/500_5_5_400_0.343000_0.237000_1_ga.out	16510.5820	1836	0	1
output/CMSA1/ga-b-1800-500/500_5_5_500_0.343000_0.237000_1_ga.out	21601.7730	1838	0	1
output/CMSA1/ga-b-1800-500/500_5_5_600_0.343000_0.237000_1_ga.out	15873.2210	1828	0	1
output/CMSA1/ga-b-1800-500/500_5_5_700_0.343000_0.237000_1_ga.out	15323.7570	1849	0	1
output/CMSA1/ga-b-1800-500/500_5_5_800_0.343000_0.237000_1_ga.out	15915.4840	1822	0	1
output/CMSA1/ga-b-1800-500/500_5_5_900_0.343000_0.237000_1_ga.out	17189.3160	1804	0	1
output/CMSA1/ga-b-1800-500/500_2_10_1000_0.343000_0.237000_1_ga.out	1571.3070	1849	0	1
output/CMSA1/ga-b-1800-500/500_2_10_100_0.343000_0.237000_1_ga.out	1411.4350	1820	0	1
output/CMSA1/ga-b-1800-500/500_2_10_200_0.343000_0.237000_1_ga.out	1769.6610	1834	0	1
output/CMSA1/ga-b-1800-500/500_2_10_300_0.343000_0.237000_1_ga.out	912.9680	1876	0	1
output/CMSA1/ga-b-1800-500/500_2_10_400_0.343000_0.237000_1_ga.out	1209.2920	1824	0	1
output/CMSA1/ga-b-1800-500/500_2_10_500_0.343000_0.237000_1_ga.out	1320.2890	1818	0	1
output/CMSA1/ga-b-1800-500/500_2_10_600_0.343000_0.237000_1_ga.out	1197.4500	1825	0	1
output/CMSA1/ga-b-1800-500/500_2_10_700_0.343000_0.237000_1_ga.out	1334.1330	1829	0	1
output/CMSA1/ga-b-1800-500/500_2_10_800_0.343000_0.237000_1_ga.out	1116.0060	1874	0	1
output/CMSA1/ga-b-1800-500/500_2_10_900_0.343000_0.237000_1_ga.out	1476.4890	1830	0	1
output/CMSA1/ga-b-1800-500/500_2_20_1000_0.343000_0.237000_1_ga.out	2366.1250	2128	0	1
output/CMSA1/ga-b-1800-500/500_2_20_100_0.343000_0.237000_1_ga.out	2276.9440	2163	0	1
output/CMSA1/ga-b-1800-500/500_2_20_200_0.343000_0.237000_1_ga.out	1516.5500	1961	0	1
output/CMSA1/ga-b-1800-500/500_2_20_300_0.343000_0.237000_1_ga.out	2078.7520	1837	0	1
output/CMSA1/ga-b-1800-500/500_2_20_400_0.343000_0.237000_1_ga.out	1835.3060	1965	0	1
output/CMSA1/ga-b-1800-500/500_2_20_500_0.343000_0.237000_1_ga.out	2557.5230	1971	0	1
output/CMSA1/ga-b-1800-500/500_2_20_600_0.343000_0.237000_1_ga.out	2967.2860	1885	0	1
output/CMSA1/ga-b-1800-500/500_2_20_700_0.343000_0.237000_1_ga.out	2441.0540	2142	0	1
output/CMSA1/ga-b-1800-500/500_2_20_800_0.343000_0.237000_1_ga.out	2702.0150	1962	0	1
output/CMSA1/ga-b-1800-500/500_2_20_900_0.343000_0.237000_1_ga.out	1784.8400	1967	0	1
output/CMSA1/ga-b-1800-500/500_2_5_1000_0.343000_0.237000_1_ga.out	598.5220	1819	0	1
output/CMSA1/ga-b-1800-500/500_2_5_100_0.343000_0.237000_1_ga.out	531.4140	1827	0	1
output/CMSA1/ga-b-1800-500/500_2_5_200_0.343000_0.237000_1_ga.out	690.9280	1818	0	1
output/CMSA1/ga-b-1800-500/500_2_5_300_0.343000_0.237000_1_ga.out	900.7760	1804	0	1
output/CMSA1/ga-b-1800-500/500_2_5_400_0.343000_0.237000_1_ga.out	642.5360	1823	0	1
output/CMSA1/ga-b-1800-500/500_2_5_500_0.343000_0.237000_1_ga.out	934.1380	1811	0	1
output/CMSA1/ga-b-1800-500/500_2_5_600_0.343000_0.237000_1_ga.out	885.8810	1816	0	1
output/CMSA1/ga-b-1800-500/500_2_5_700_0.343000_0.237000_1_ga.out	1046.2670	1826	0	1
output/CMSA1/ga-b-1800-500/500_2_5_800_0.343000_0.237000_1_ga.out	538.2570	1824	0	1
output/CMSA1/ga-b-1800-500/500_2_5_900_0.343000_0.237000_1_ga.out	942.4770	1801	0	1
